STK000000 R735QTJ8XC9X,STK000000,73.6,2307,169795,True,1,1
STK000001 R735QTJ8XC9X,STK000001,142.98,371,53045,True,1,1
STK000002 R735QTJ8XC9X,STK000002,88.9,757,67297,True,1,1
STK000003 R735QTJ8XC9X,STK000003,103.41,1404,145187,True,1,1
STK000004 R735QTJ8XC9X,STK000004,135.51,2189,296631,True,1,1
STK000005 R735QTJ8XC9X,STK000005,63.27,2206,139573,True,1,1
STK000006 R735QTJ8XC9X,STK000006,34.91,1950,68074,True,1,1
STK000007 R735QTJ8XC9X,STK000007,46.02,1276,58721,True,1,1
STK000008 R735QTJ8XC9X,STK000008,114.39,2313,264584,True,1,1
STK000009 R735QTJ8XC9X,STK000009,65.68,2924,192048,True,1,1
STK000012 R735QTJ8XC9X,STK000012,105.71,2223,234993,True,1,1
STK000013 R735QTJ8XC9X,STK000013,39.68,2458,97533,True,1,1
STK000014 R735QTJ8XC9X,STK000014,121.04,2661,322087,True,1,1
STK000015 R735QTJ8XC9X,STK000015,58.69,1405,82459,True,1,1
STK000016 R735QTJ8XC9X,STK000016,48.81,775,37827,True,1,1
STK000018 R735QTJ8XC9X,STK000018,63.87,3854,246154,True,1,1
STK000019 R735QTJ8XC9X,STK000019,89.06,1141,101617,True,1,1
STK000020 R735QTJ8XC9X,STK000020,54.79,4269,233898,True,1,1
STK000021 R735QTJ8XC9X,STK000021,36.28,3421,124113,True,1,1
STK000025 R735QTJ8XC9X,STK000025,107.71,3233,348226,True,1,1
STK000026 R735QTJ8XC9X,STK000026,113.93,2223,253266,True,1,1
STK000027 R735QTJ8XC9X,STK000027,79.29,1302,103235,True,1,1
STK000028 R735QTJ8XC9X,STK000028,61.44,3310,203366,True,1,1
STK000029 R735QTJ8XC9X,STK000029,57.93,1633,94599,True,1,1
STK000030 R735QTJ8XC9X,STK000030,58.31,2135,124491,True,1,1
STK000031 R735QTJ8XC9X,STK000031,54.23,1150,62364,True,1,1
STK000032 R735QTJ8XC9X,STK000032,89.13,1678,149560,True,1,1
STK000033 R735QTJ8XC9X,STK000033,106.76,297,31707,True,1,1
STK000034 R735QTJ8XC9X,STK000034,67.87,3754,254783,True,1,1
STK000035 R735QTJ8XC9X,STK000035,59.09,1078,63699,True,1,1
STK000036 R735QTJ8XC9X,STK000036,184.46,2217,408947,True,1,1
STK000037 R735QTJ8XC9X,STK000037,188.49,1477,278399,True,1,1
STK000038 R735QTJ8XC9X,STK000038,54.38,601,32682,True,1,1
STK000039 R735QTJ8XC9X,STK000039,68.03,90,6122,True,1,1
STK000040 R735QTJ8XC9X,STK000040,59.19,2297,135959,True,1,1
STK000041 R735QTJ8XC9X,STK000041,55.94,1098,61422,True,1,1
STK000042 R735QTJ8XC9X,STK000042,74.55,1005,74922,True,1,1
STK000043 R735QTJ8XC9X,STK000043,99.67,936,93291,True,1,1
STK000044 R735QTJ8XC9X,STK000044,98.5,4242,417837,True,1,1
STK000045 R735QTJ8XC9X,STK000045,85.31,2085,177871,True,1,1
STK000046 R735QTJ8XC9X,STK000046,73.1,1167,85307,True,1,1
STK000047 R735QTJ8XC9X,STK000047,41.37,466,19278,True,1,1
STK000048 R735QTJ8XC9X,STK000048,44.76,316,14144,True,1,1
STK000049 R735QTJ8XC9X,STK000049,131.76,1152,151787,True,1,1
STK000050 R735QTJ8XC9X,STK000050,53.32,1404,74861,True,1,1
STK000051 R735QTJ8XC9X,STK000051,42.05,127,5340,True,1,1
STK000052 R735QTJ8XC9X,STK000052,75.34,2744,206732,True,1,1
STK000053 R735QTJ8XC9X,STK000053,36.51,1080,39430,True,1,1
STK000054 R735QTJ8XC9X,STK000054,98.59,700,69013,True,1,1
STK000055 R735QTJ8XC9X,STK000055,99.13,611,60568,True,1,1
STK000056 R735QTJ8XC9X,STK000056,97.7,1823,178107,True,1,1
STK000058 R735QTJ8XC9X,STK000058,26.37,2514,66294,True,1,1
STK000059 R735QTJ8XC9X,STK000059,73.75,731,53911,True,1,1
STK000060 R735QTJ8XC9X,STK000060,70.15,1274,89371,True,1,1
STK000061 R735QTJ8XC9X,STK000061,70.89,2192,155390,True,1,1
STK000062 R735QTJ8XC9X,STK000062,105.49,1876,197899,True,1,1
STK000063 R735QTJ8XC9X,STK000063,140.27,2123,297793,True,1,1
STK000064 R735QTJ8XC9X,STK000064,82.45,1615,133156,True,1,1
STK000065 R735QTJ8XC9X,STK000065,64.33,1513,97331,True,1,1
STK000066 R735QTJ8XC9X,STK000066,101.24,421,42622,True,1,1
STK000067 R735QTJ8XC9X,STK000067,74.96,2269,170084,True,1,1
STK000068 R735QTJ8XC9X,STK000068,138.74,686,95175,True,1,1
STK000070 R735QTJ8XC9X,STK000070,122.25,440,53790,True,1,1
STK000071 R735QTJ8XC9X,STK000071,71.37,1115,79577,True,1,1
STK000072 R735QTJ8XC9X,STK000072,110.27,2033,224178,True,1,1
STK000073 R735QTJ8XC9X,STK000073,73.39,2098,153972,True,1,1
STK000074 R735QTJ8XC9X,STK000074,126.78,1021,129442,True,1,1
STK000075 R735QTJ8XC9X,STK000075,75.68,697,52748,True,1,1
STK000076 R735QTJ8XC9X,STK000076,67.07,2058,138030,True,1,1
STK000077 R735QTJ8XC9X,STK000077,87.54,302,26437,True,1,1
STK000078 R735QTJ8XC9X,STK000078,71.71,1827,131014,True,1,1
STK000079 R735QTJ8XC9X,STK000079,58.28,3484,203047,True,1,1
STK000080 R735QTJ8XC9X,STK000080,120.35,791,95196,True,1,1
STK000081 R735QTJ8XC9X,STK000081,165.72,792,131250,True,1,1
STK000082 R735QTJ8XC9X,STK000082,48.98,2643,129454,True,1,1
STK000083 R735QTJ8XC9X,STK000083,62.42,684,42695,True,1,1
STK000084 R735QTJ8XC9X,STK000084,100.04,1313,131352,True,1,1
STK000085 R735QTJ8XC9X,STK000085,151.48,302,45746,True,1,1
STK000086 R735QTJ8XC9X,STK000086,116.05,2831,328537,True,1,1
STK000087 R735QTJ8XC9X,STK000087,214.22,2451,525053,True,1,1
STK000088 R735QTJ8XC9X,STK000088,107.94,418,45118,True,1,1
STK000089 R735QTJ8XC9X,STK000089,69.21,768,53153,True,1,1
STK000090 R735QTJ8XC9X,STK000090,177.5,2129,377897,True,1,1
STK000091 R735QTJ8XC9X,STK000091,97.8,462,45183,True,1,1
STK000092 R735QTJ8XC9X,STK000092,140.04,3022,423200,True,1,1
STK000093 R735QTJ8XC9X,STK000093,159.31,172,27401,True,1,1
STK000094 R735QTJ8XC9X,STK000094,56.19,830,46637,True,1,1
STK000095 R735QTJ8XC9X,STK000095,118.37,3141,371800,True,1,1
STK000096 R735QTJ8XC9X,STK000096,100.79,2697,271830,True,1,1
STK000097 R735QTJ8XC9X,STK000097,100.99,641,64734,True,1,1
STK000098 R735QTJ8XC9X,STK000098,103.52,2529,261802,True,1,1
STK000099 R735QTJ8XC9X,STK000099,111.41,1961,218475,True,1,1
STK000100 R735QTJ8XC9X,STK000100,110.78,1510,167277,True,1,1
STK000101 R735QTJ8XC9X,STK000101,163.86,2129,348857,True,1,1
STK000102 R735QTJ8XC9X,STK000102,157.75,2214,349258,True,1,1
STK000103 R735QTJ8XC9X,STK000103,201.86,2456,495768,True,1,1
STK000104 R735QTJ8XC9X,STK000104,60.07,2154,129390,True,1,1
STK000105 R735QTJ8XC9X,STK000105,129.49,2737,354414,True,1,1
STK000106 R735QTJ8XC9X,STK000106,189.77,1416,268714,True,1,1
STK000107 R735QTJ8XC9X,STK000107,108.35,2623,284202,True,1,1
STK000109 R735QTJ8XC9X,STK000109,73.51,1361,100047,True,1,1
STK000110 R735QTJ8XC9X,STK000110,89.27,910,81235,True,1,1
STK000111 R735QTJ8XC9X,STK000111,43.2,2360,101952,True,1,1
STK000112 R735QTJ8XC9X,STK000112,136.74,2053,280727,True,1,1
STK000113 R735QTJ8XC9X,STK000113,122.47,996,121980,True,1,1
STK000114 R735QTJ8XC9X,STK000114,84.67,1592,134794,True,1,1
STK000115 R735QTJ8XC9X,STK000115,92.05,671,61765,True,1,1
STK000116 R735QTJ8XC9X,STK000116,134.88,1258,169679,True,1,1
STK000117 R735QTJ8XC9X,STK000117,123.74,1423,176082,True,1,1
STK000118 R735QTJ8XC9X,STK000118,265.2,5252,1392830,True,1,1
STK000119 R735QTJ8XC9X,STK000119,65.78,2291,150701,True,1,1
STK000120 R735QTJ8XC9X,STK000120,77.57,1401,108675,True,1,1
STK000121 R735QTJ8XC9X,STK000121,79.44,1443,114631,True,1,1
STK000122 R735QTJ8XC9X,STK000122,65.51,453,29676,True,1,1
STK000123 R735QTJ8XC9X,STK000123,114.98,1957,225015,True,1,1
STK000124 R735QTJ8XC9X,STK000124,162.33,1491,242034,True,1,1
STK000125 R735QTJ8XC9X,STK000125,45.51,1975,89882,True,1,1
STK000127 R735QTJ8XC9X,STK000127,161.44,1028,165960,True,1,1
STK000128 R735QTJ8XC9X,STK000128,105.87,1410,149276,True,1,1
STK000129 R735QTJ8XC9X,STK000129,106.28,3805,404395,True,1,1
STK000130 R735QTJ8XC9X,STK000130,44.79,1104,49448,True,1,1
STK000131 R735QTJ8XC9X,STK000131,131.72,1300,171236,True,1,1
STK000132 R735QTJ8XC9X,STK000132,82.35,1100,90585,True,1,1
STK000133 R735QTJ8XC9X,STK000133,87.08,1484,129226,True,1,1
STK000134 R735QTJ8XC9X,STK000134,50.76,1055,53551,True,1,1
STK000135 R735QTJ8XC9X,STK000135,82.77,174,14401,True,1,1
STK000136 R735QTJ8XC9X,STK000136,198.24,931,184561,True,1,1
STK000137 R735QTJ8XC9X,STK000137,73.88,1040,76835,True,1,1
STK000138 R735QTJ8XC9X,STK000138,61.62,1115,68706,True,1,1
STK000139 R735QTJ8XC9X,STK000139,60.97,2405,146632,True,1,1
STK000140 R735QTJ8XC9X,STK000140,73.76,2195,161903,True,1,1
STK000141 R735QTJ8XC9X,STK000141,125.61,3736,469278,True,1,1
STK000143 R735QTJ8XC9X,STK000143,85.98,1827,157085,True,1,1
STK000144 R735QTJ8XC9X,STK000144,190.56,1874,357109,True,1,1
STK000145 R735QTJ8XC9X,STK000145,152.56,1961,299170,True,1,1
STK000146 R735QTJ8XC9X,STK000146,171.93,1877,322712,True,1,1
STK000147 R735QTJ8XC9X,STK000147,52.06,1356,70593,True,1,1
STK000148 R735QTJ8XC9X,STK000148,75.76,1322,100154,True,1,1
STK000149 R735QTJ8XC9X,STK000149,160.1,2822,451802,True,1,1
STK000150 R735QTJ8XC9X,STK000150,213.95,2184,467266,True,1,1
STK000151 R735QTJ8XC9X,STK000151,370.13,298,110298,True,1,1
STK000152 R735QTJ8XC9X,STK000152,71.74,67,4806,True,1,1
STK000153 R735QTJ8XC9X,STK000153,151.03,1852,279707,True,1,1
STK000154 R735QTJ8XC9X,STK000154,86.29,2163,186645,True,1,1
STK000155 R735QTJ8XC9X,STK000155,34.76,1972,68546,True,1,1
STK000156 R735QTJ8XC9X,STK000156,97.79,100,9779,True,1,1
STK000157 R735QTJ8XC9X,STK000157,67.94,1497,101706,True,1,1
STK000158 R735QTJ8XC9X,STK000158,97.35,3284,319697,True,1,1
STK000159 R735QTJ8XC9X,STK000159,156.66,1434,224650,True,1,1
STK000160 R735QTJ8XC9X,STK000160,180.33,481,86738,True,1,1
STK000161 R735QTJ8XC9X,STK000161,200.55,110,22060,True,1,1
STK000163 R735QTJ8XC9X,STK000163,54.72,1078,58988,True,1,1
STK000164 R735QTJ8XC9X,STK000164,64.14,862,55288,True,1,1
STK000165 R735QTJ8XC9X,STK000165,52.1,2128,110868,True,1,1
STK000166 R735QTJ8XC9X,STK000166,88.53,2802,248061,True,1,1
STK000167 R735QTJ8XC9X,STK000167,87.32,1406,122771,True,1,1
STK000168 R735QTJ8XC9X,STK000168,26,1935,50310,True,1,1
STK000169 R735QTJ8XC9X,STK000169,103.38,2679,276955,True,1,1
STK000170 R735QTJ8XC9X,STK000170,74.47,953,70969,True,1,1
STK000171 R735QTJ8XC9X,STK000171,77.6,1216,94361,True,1,1
STK000172 R735QTJ8XC9X,STK000172,77.27,91,7031,True,1,1
STK000175 R735QTJ8XC9X,STK000175,63.99,3496,223709,True,1,1
STK000176 R735QTJ8XC9X,STK000176,91.46,2719,248679,True,1,1
STK000177 R735QTJ8XC9X,STK000177,116.92,1394,162986,True,1,1
STK000179 R735QTJ8XC9X,STK000179,90,2289,206010,True,1,1
STK000181 R735QTJ8XC9X,STK000181,204.1,82,16736,True,1,1
STK000182 R735QTJ8XC9X,STK000182,103.51,285,29500,True,1,1
STK000183 R735QTJ8XC9X,STK000183,209.26,887,185613,True,1,1
STK000184 R735QTJ8XC9X,STK000184,102.74,3510,360617,True,1,1
STK000185 R735QTJ8XC9X,STK000185,52.95,1039,55015,True,1,1
STK000186 R735QTJ8XC9X,STK000186,61.33,856,52498,True,1,1
STK000187 R735QTJ8XC9X,STK000187,61.78,631,38983,True,1,1
STK000188 R735QTJ8XC9X,STK000188,136.09,352,47903,True,1,1
STK000189 R735QTJ8XC9X,STK000189,44.27,992,43915,True,1,1
STK000190 R735QTJ8XC9X,STK000190,88.11,552,48636,True,1,1
STK000191 R735QTJ8XC9X,STK000191,109.32,1907,208473,True,1,1
STK000192 R735QTJ8XC9X,STK000192,87.43,3847,336343,True,1,1
STK000193 R735QTJ8XC9X,STK000193,74.73,1814,135560,True,1,1
STK000194 R735QTJ8XC9X,STK000194,77.12,2576,198661,True,1,1
STK000195 R735QTJ8XC9X,STK000195,90.49,2368,214280,True,1,1
STK000196 R735QTJ8XC9X,STK000196,102.61,1339,137394,True,1,1
STK000197 R735QTJ8XC9X,STK000197,96.69,1389,134302,True,1,1
STK000198 R735QTJ8XC9X,STK000198,217.3,3360,730128,True,1,1
STK000199 R735QTJ8XC9X,STK000199,132.59,2014,267036,True,1,1
STK000200 R735QTJ8XC9X,STK000200,127.76,1495,191001,True,1,1
STK000201 R735QTJ8XC9X,STK000201,65.09,2371,154328,True,1,1
STK000202 R735QTJ8XC9X,STK000202,103.94,2195,228148,True,1,1
STK000203 R735QTJ8XC9X,STK000203,108.55,332,36038,True,1,1
STK000204 R735QTJ8XC9X,STK000204,63.62,2328,148107,True,1,1
STK000205 R735QTJ8XC9X,STK000205,92.77,3112,288700,True,1,1
STK000206 R735QTJ8XC9X,STK000206,200.06,1090,218065,True,1,1
STK000207 R735QTJ8XC9X,STK000207,86.6,123,10651,True,1,1
STK000208 R735QTJ8XC9X,STK000208,63.23,309,19538,True,1,1
STK000209 R735QTJ8XC9X,STK000209,116.53,3812,444212,True,1,1
STK000210 R735QTJ8XC9X,STK000210,61.05,945,57692,True,1,1
STK000211 R735QTJ8XC9X,STK000211,95.62,168,16064,True,1,1
STK000212 R735QTJ8XC9X,STK000212,43.8,1701,74503,True,1,1
STK000213 R735QTJ8XC9X,STK000213,136.28,2983,406523,True,1,1
STK000215 R735QTJ8XC9X,STK000215,89.4,3276,292874,True,1,1
STK000216 R735QTJ8XC9X,STK000216,62.49,996,62240,True,1,1
STK000217 R735QTJ8XC9X,STK000217,242.8,662,160733,True,1,1
STK000218 R735QTJ8XC9X,STK000218,105.35,1913,201534,True,1,1
STK000219 R735QTJ8XC9X,STK000219,95.17,3919,372971,True,1,1
STK000220 R735QTJ8XC9X,STK000220,46.1,2534,116817,True,1,1
STK000222 R735QTJ8XC9X,STK000222,84.18,2091,176020,True,1,1
STK000223 R735QTJ8XC9X,STK000223,104.99,1988,208720,True,1,1
STK000224 R735QTJ8XC9X,STK000224,142.58,2125,302982,True,1,1
STK000225 R735QTJ8XC9X,STK000225,132.79,2056,273016,True,1,1
STK000226 R735QTJ8XC9X,STK000226,184.28,1493,275130,True,1,1
STK000227 R735QTJ8XC9X,STK000227,125.88,1269,159741,True,1,1
STK000228 R735QTJ8XC9X,STK000228,75.59,2787,210669,True,1,1
STK000229 R735QTJ8XC9X,STK000229,214.75,1339,287550,True,1,1
STK000230 R735QTJ8XC9X,STK000230,179.5,1251,224554,True,1,1
STK000231 R735QTJ8XC9X,STK000231,136.83,3859,528026,True,1,1
STK000232 R735QTJ8XC9X,STK000232,124.08,114,14145,True,1,1
STK000233 R735QTJ8XC9X,STK000233,188.6,132,24895,True,1,1
STK000234 R735QTJ8XC9X,STK000234,75.26,1496,112588,True,1,1
STK000235 R735QTJ8XC9X,STK000235,176.12,4355,767002,True,1,1
STK000236 R735QTJ8XC9X,STK000236,91.38,1138,103990,True,1,1
STK000237 R735QTJ8XC9X,STK000237,66.43,1765,117248,True,1,1
STK000238 R735QTJ8XC9X,STK000238,68.35,2203,150575,True,1,1
STK000239 R735QTJ8XC9X,STK000239,72.66,2530,183829,True,1,1
STK000240 R735QTJ8XC9X,STK000240,66.21,1158,76671,True,1,1
STK000241 R735QTJ8XC9X,STK000241,103.57,1375,142408,True,1,1
STK000242 R735QTJ8XC9X,STK000242,85.7,749,64189,True,1,1
STK000243 R735QTJ8XC9X,STK000243,104.54,1090,113948,True,1,1
STK000246 R735QTJ8XC9X,STK000246,149.12,2027,302266,True,1,1
STK000247 R735QTJ8XC9X,STK000247,78.15,3464,270711,True,1,1
STK000248 R735QTJ8XC9X,STK000248,118.85,2562,304493,True,1,1
STK000249 R735QTJ8XC9X,STK000249,90.91,590,53636,True,1,1
STK000250 R735QTJ8XC9X,STK000250,44.28,1642,72707,True,1,1
STK000251 R735QTJ8XC9X,STK000251,63.93,1038,66359,True,1,1
STK000252 R735QTJ8XC9X,STK000252,129.67,623,80784,True,1,1
STK000253 R735QTJ8XC9X,STK000253,68.16,1761,120029,True,1,1
STK000254 R735QTJ8XC9X,STK000254,130.43,23,2999,True,1,1
STK000255 R735QTJ8XC9X,STK000255,61.93,1657,102618,True,1,1
STK000256 R735QTJ8XC9X,STK000256,100.81,3078,310293,True,1,1
STK000257 R735QTJ8XC9X,STK000257,93.3,4112,383649,True,1,1
STK000259 R735QTJ8XC9X,STK000259,62.07,93,5772,True,1,1
STK000260 R735QTJ8XC9X,STK000260,70.59,2342,165321,True,1,1
STK000261 R735QTJ8XC9X,STK000261,67.21,4319,290279,True,1,1
STK000262 R735QTJ8XC9X,STK000262,116.91,2154,251824,True,1,1
STK000263 R735QTJ8XC9X,STK000263,120.32,823,99023,True,1,1
STK000264 R735QTJ8XC9X,STK000264,124.44,1966,244649,True,1,1
STK000265 R735QTJ8XC9X,STK000265,173.97,2039,354724,True,1,1
STK000266 R735QTJ8XC9X,STK000266,53.81,373,20071,True,1,1
STK000267 R735QTJ8XC9X,STK000267,82.51,879,72526,True,1,1
STK000268 R735QTJ8XC9X,STK000268,249.47,989,246725,True,1,1
STK000269 R735QTJ8XC9X,STK000269,104.4,1412,147412,True,1,1
STK000270 R735QTJ8XC9X,STK000270,104.37,911,95081,True,1,1
STK000271 R735QTJ8XC9X,STK000271,124.44,632,78646,True,1,1
STK000272 R735QTJ8XC9X,STK000272,100.39,393,39453,True,1,1
STK000273 R735QTJ8XC9X,STK000273,171.13,1271,217506,True,1,1
STK000274 R735QTJ8XC9X,STK000274,83.61,1713,143223,True,1,1
STK000275 R735QTJ8XC9X,STK000275,163.82,1987,325510,True,1,1
STK000276 R735QTJ8XC9X,STK000276,78.26,25,1956,True,1,1
STK000277 R735QTJ8XC9X,STK000277,75.17,897,67427,True,1,1
STK000278 R735QTJ8XC9X,STK000278,107.41,388,41675,True,1,1
STK000279 R735QTJ8XC9X,STK000279,202.34,716,144875,True,1,1
STK000280 R735QTJ8XC9X,STK000280,82.26,1169,96161,True,1,1
STK000281 R735QTJ8XC9X,STK000281,47.15,1453,68508,True,1,1
STK000282 R735QTJ8XC9X,STK000282,68.29,676,46164,True,1,1
STK000283 R735QTJ8XC9X,STK000283,55.88,2996,167416,True,1,1
STK000284 R735QTJ8XC9X,STK000284,96.4,1359,131007,True,1,1
STK000285 R735QTJ8XC9X,STK000285,47.39,2973,140890,True,1,1
STK000286 R735QTJ8XC9X,STK000286,78.86,2003,157956,True,1,1
STK000287 R735QTJ8XC9X,STK000287,85.19,1591,135537,True,1,1
STK000288 R735QTJ8XC9X,STK000288,48.4,1493,72261,True,1,1
STK000289 R735QTJ8XC9X,STK000289,62.73,2424,152057,True,1,1
STK000290 R735QTJ8XC9X,STK000290,96.07,310,29781,True,1,1
STK000291 R735QTJ8XC9X,STK000291,166.48,1053,175303,True,1,1
STK000293 R735QTJ8XC9X,STK000293,61.43,1836,112785,True,1,1
STK000294 R735QTJ8XC9X,STK000294,76.46,2582,197419,True,1,1
STK000295 R735QTJ8XC9X,STK000295,134.72,4804,647194,True,1,1
STK000296 R735QTJ8XC9X,STK000296,133.01,2218,295016,True,1,1
STK000297 R735QTJ8XC9X,STK000297,92.96,2396,222732,True,1,1
STK000298 R735QTJ8XC9X,STK000298,151.54,435,65919,True,1,1
STK000299 R735QTJ8XC9X,STK000299,76.79,222,17047,True,1,1
STK000300 R735QTJ8XC9X,STK000300,120.48,3173,382283,True,1,1
STK000301 R735QTJ8XC9X,STK000301,105.51,1120,118171,True,1,1
STK000302 R735QTJ8XC9X,STK000302,65.33,1683,109950,True,1,1
STK000303 R735QTJ8XC9X,STK000303,111.05,383,42532,True,1,1
STK000305 R735QTJ8XC9X,STK000305,76.26,1090,83123,True,1,1
STK000306 R735QTJ8XC9X,STK000306,131,3303,432693,True,1,1
STK000308 R735QTJ8XC9X,STK000308,148.46,1140,169244,True,1,1
STK000309 R735QTJ8XC9X,STK000309,39.2,395,15484,True,1,1
STK000310 R735QTJ8XC9X,STK000310,72.38,2270,164302,True,1,1
STK000311 R735QTJ8XC9X,STK000311,87.38,1538,134390,True,1,1
STK000312 R735QTJ8XC9X,STK000312,82.55,47,3879,True,1,1
STK000313 R735QTJ8XC9X,STK000313,151.71,2530,383826,True,1,1
STK000314 R735QTJ8XC9X,STK000314,42.42,1247,52897,True,1,1
STK000315 R735QTJ8XC9X,STK000315,74.88,3664,274360,True,1,1
STK000316 R735QTJ8XC9X,STK000316,224.71,2717,610537,True,1,1
STK000317 R735QTJ8XC9X,STK000317,113.45,1222,138635,True,1,1
STK000318 R735QTJ8XC9X,STK000318,41.1,2367,97283,True,1,1
STK000319 R735QTJ8XC9X,STK000319,180.77,409,73934,True,1,1
STK000320 R735QTJ8XC9X,STK000320,114.29,1969,225037,True,1,1
STK000322 R735QTJ8XC9X,STK000322,104.28,1142,119087,True,1,1
STK000323 R735QTJ8XC9X,STK000323,56.14,2062,115760,True,1,1
STK000325 R735QTJ8XC9X,STK000325,100.6,618,62170,True,1,1
STK000326 R735QTJ8XC9X,STK000326,235.91,3247,765999,True,1,1
STK000327 R735QTJ8XC9X,STK000327,111.39,644,71735,True,1,1
STK000330 R735QTJ8XC9X,STK000330,52.27,1377,71975,True,1,1
STK000331 R735QTJ8XC9X,STK000331,79.52,1496,118961,True,1,1
STK000332 R735QTJ8XC9X,STK000332,44.96,2571,115592,True,1,1
STK000333 R735QTJ8XC9X,STK000333,69.93,3243,226782,True,1,1
STK000334 R735QTJ8XC9X,STK000334,142.53,2619,373286,True,1,1
STK000335 R735QTJ8XC9X,STK000335,93.13,389,36227,True,1,1
STK000336 R735QTJ8XC9X,STK000336,121.13,2011,243592,True,1,1
STK000337 R735QTJ8XC9X,STK000337,111.44,113,12592,True,1,1
STK000338 R735QTJ8XC9X,STK000338,92.5,751,69467,True,1,1
STK000339 R735QTJ8XC9X,STK000339,61.94,1839,113907,True,1,1
STK000340 R735QTJ8XC9X,STK000340,81.79,2854,233428,True,1,1
STK000341 R735QTJ8XC9X,STK000341,68.9,2182,150339,True,1,1
STK000342 R735QTJ8XC9X,STK000342,113.08,915,103468,True,1,1
STK000343 R735QTJ8XC9X,STK000343,73.59,2366,174113,True,1,1
STK000344 R735QTJ8XC9X,STK000344,113.17,798,90309,True,1,1
STK000345 R735QTJ8XC9X,STK000345,89.09,2411,214795,True,1,1
STK000346 R735QTJ8XC9X,STK000346,324.69,4592,1490976,True,1,1
STK000347 R735QTJ8XC9X,STK000347,77.48,863,66865,True,1,1
STK000348 R735QTJ8XC9X,STK000348,80.22,1317,105649,True,1,1
STK000349 R735QTJ8XC9X,STK000349,100.03,2378,237871,True,1,1
STK000350 R735QTJ8XC9X,STK000350,114.47,2354,269462,True,1,1
STK000351 R735QTJ8XC9X,STK000351,93.45,2546,237923,True,1,1
STK000352 R735QTJ8XC9X,STK000352,79.9,1253,100114,True,1,1
STK000353 R735QTJ8XC9X,STK000353,83.31,1194,99472,True,1,1
STK000354 R735QTJ8XC9X,STK000354,61.96,1620,100375,True,1,1
STK000355 R735QTJ8XC9X,STK000355,75.68,497,37612,True,1,1
STK000356 R735QTJ8XC9X,STK000356,46.21,1172,54158,True,1,1
STK000357 R735QTJ8XC9X,STK000357,152.29,2188,333210,True,1,1
STK000358 R735QTJ8XC9X,STK000358,31.95,2174,69459,True,1,1
STK000359 R735QTJ8XC9X,STK000359,75.13,598,44927,True,1,1
STK000360 R735QTJ8XC9X,STK000360,92.21,729,67221,True,1,1
STK000361 R735QTJ8XC9X,STK000361,88.41,2060,182124,True,1,1
STK000362 R735QTJ8XC9X,STK000362,46.46,1982,92083,True,1,1
STK000363 R735QTJ8XC9X,STK000363,72.49,53,3841,True,1,1
STK000364 R735QTJ8XC9X,STK000364,121.7,1482,180359,True,1,1
STK000365 R735QTJ8XC9X,STK000365,62.41,1238,77263,True,1,1
STK000366 R735QTJ8XC9X,STK000366,109.37,1655,181007,True,1,1
STK000367 R735QTJ8XC9X,STK000367,65.41,61,3990,True,1,1
STK000368 R735QTJ8XC9X,STK000368,103.67,4466,462990,True,1,1
STK000369 R735QTJ8XC9X,STK000369,68.77,961,66087,True,1,1
STK000370 R735QTJ8XC9X,STK000370,149.15,4540,677141,True,1,1
STK000371 R735QTJ8XC9X,STK000371,161.12,2867,461931,True,1,1
STK000372 R735QTJ8XC9X,STK000372,55.22,387,21370,True,1,1
STK000373 R735QTJ8XC9X,STK000373,71.24,2654,189070,True,1,1
STK000374 R735QTJ8XC9X,STK000374,196.26,1498,293997,True,1,1
STK000376 R735QTJ8XC9X,STK000376,73.2,1509,110458,True,1,1
STK000377 R735QTJ8XC9X,STK000377,103.57,2557,264828,True,1,1
STK000378 R735QTJ8XC9X,STK000378,117.77,692,81496,True,1,1
STK000379 R735QTJ8XC9X,STK000379,101.33,2557,259100,True,1,1
STK000380 R735QTJ8XC9X,STK000380,80.62,1094,88198,True,1,1
STK000381 R735QTJ8XC9X,STK000381,68.35,5002,341886,True,1,1
STK000382 R735QTJ8XC9X,STK000382,54.9,2465,135328,True,1,1
STK000383 R735QTJ8XC9X,STK000383,98.42,158,15550,True,1,1
STK000384 R735QTJ8XC9X,STK000384,83.23,479,39867,True,1,1
STK000385 R735QTJ8XC9X,STK000385,113.58,1262,143337,True,1,1
STK000386 R735QTJ8XC9X,STK000386,74.97,2314,173480,True,1,1
STK000387 R735QTJ8XC9X,STK000387,75.04,544,40821,True,1,1
STK000389 R735QTJ8XC9X,STK000389,117.69,597,70260,True,1,1
STK000390 R735QTJ8XC9X,STK000390,71.4,1236,88250,True,1,1
STK000391 R735QTJ8XC9X,STK000391,212.09,2685,569461,True,1,1
STK000392 R735QTJ8XC9X,STK000392,83.8,290,24302,True,1,1
STK000393 R735QTJ8XC9X,STK000393,41.08,803,32987,True,1,1
STK000394 R735QTJ8XC9X,STK000394,95.95,1430,137208,True,1,1
STK000395 R735QTJ8XC9X,STK000395,113.94,2664,303536,True,1,1
STK000398 R735QTJ8XC9X,STK000398,84.89,2025,171902,True,1,1
STK000399 R735QTJ8XC9X,STK000399,119.14,3536,421279,True,1,1
STK000400 R735QTJ8XC9X,STK000400,108.35,1235,133812,True,1,1
STK000401 R735QTJ8XC9X,STK000401,164.27,1223,200902,True,1,1
STK000402 R735QTJ8XC9X,STK000402,92.33,897,82820,True,1,1
STK000403 R735QTJ8XC9X,STK000403,66.39,790,52448,True,1,1
STK000404 R735QTJ8XC9X,STK000404,69.88,243,16980,True,1,1
STK000405 R735QTJ8XC9X,STK000405,137.37,500,68685,True,1,1
STK000407 R735QTJ8XC9X,STK000407,158.97,2932,466100,True,1,1
STK000408 R735QTJ8XC9X,STK000408,73.95,1299,96061,True,1,1
STK000409 R735QTJ8XC9X,STK000409,162.37,2595,421350,True,1,1
STK000410 R735QTJ8XC9X,STK000410,120.05,1321,158586,True,1,1
STK000411 R735QTJ8XC9X,STK000411,137.53,567,77979,True,1,1
STK000412 R735QTJ8XC9X,STK000412,47.01,1255,58997,True,1,1
STK000413 R735QTJ8XC9X,STK000413,163.97,961,157575,True,1,1
STK000414 R735QTJ8XC9X,STK000414,92.84,1756,163027,True,1,1
STK000416 R735QTJ8XC9X,STK000416,149.22,731,109079,True,1,1
STK000418 R735QTJ8XC9X,STK000418,86.39,1595,137792,True,1,1
STK000419 R735QTJ8XC9X,STK000419,120.36,2154,259255,True,1,1
STK000420 R735QTJ8XC9X,STK000420,119.46,814,97240,True,1,1
STK000421 R735QTJ8XC9X,STK000421,57.13,423,24165,True,1,1
STK000422 R735QTJ8XC9X,STK000422,68.51,1108,75909,True,1,1
STK000423 R735QTJ8XC9X,STK000423,136.62,795,108612,True,1,1
STK000424 R735QTJ8XC9X,STK000424,86.09,3398,292533,True,1,1
STK000425 R735QTJ8XC9X,STK000425,84.72,2721,230523,True,1,1
STK000426 R735QTJ8XC9X,STK000426,79.83,1113,88850,True,1,1
STK000427 R735QTJ8XC9X,STK000427,109.23,538,58765,True,1,1
STK000428 R735QTJ8XC9X,STK000428,62.06,3504,217458,True,1,1
STK000430 R735QTJ8XC9X,STK000430,49.71,1536,76354,True,1,1
STK000431 R735QTJ8XC9X,STK000431,95.52,1693,161715,True,1,1
STK000432 R735QTJ8XC9X,STK000432,71.82,502,36053,True,1,1
STK000433 R735QTJ8XC9X,STK000433,189.14,2999,567230,True,1,1
STK000434 R735QTJ8XC9X,STK000434,113.39,50,5669,True,1,1
STK000435 R735QTJ8XC9X,STK000435,86.45,633,54722,True,1,1
STK000436 R735QTJ8XC9X,STK000436,55.81,1302,72664,True,1,1
STK000437 R735QTJ8XC9X,STK000437,28.02,1155,32363,True,1,1
STK000438 R735QTJ8XC9X,STK000438,118.55,545,64609,True,1,1
STK000439 R735QTJ8XC9X,STK000439,173.45,71,12314,True,1,1
STK000440 R735QTJ8XC9X,STK000440,200.84,726,145809,True,1,1
STK000441 R735QTJ8XC9X,STK000441,47.48,787,37366,True,1,1
STK000442 R735QTJ8XC9X,STK000442,88.8,1803,160106,True,1,1
STK000443 R735QTJ8XC9X,STK000443,72.51,1003,72727,True,1,1
STK000444 R735QTJ8XC9X,STK000444,93.1,700,65170,True,1,1
STK000445 R735QTJ8XC9X,STK000445,75.95,3042,231039,True,1,1
STK000446 R735QTJ8XC9X,STK000446,30.04,22,660,True,1,1
STK000447 R735QTJ8XC9X,STK000447,160.04,672,107546,True,1,1
STK000448 R735QTJ8XC9X,STK000448,135.87,3263,443343,True,1,1
STK000449 R735QTJ8XC9X,STK000449,123.44,602,74310,True,1,1
STK000450 R735QTJ8XC9X,STK000450,81.83,1999,163578,True,1,1
STK000452 R735QTJ8XC9X,STK000452,78.14,2108,164719,True,1,1
STK000453 R735QTJ8XC9X,STK000453,106.84,2176,232483,True,1,1
STK000454 R735QTJ8XC9X,STK000454,59.41,2397,142405,True,1,1
STK000455 R735QTJ8XC9X,STK000455,78.63,2336,183679,True,1,1
STK000456 R735QTJ8XC9X,STK000456,74.7,1721,128558,True,1,1
STK000457 R735QTJ8XC9X,STK000457,80.73,3325,268427,True,1,1
STK000458 R735QTJ8XC9X,STK000458,62.32,578,36020,True,1,1
STK000459 R735QTJ8XC9X,STK000459,81.03,2265,183532,True,1,1
STK000460 R735QTJ8XC9X,STK000460,55.32,828,45804,True,1,1
STK000461 R735QTJ8XC9X,STK000461,114.15,1265,144399,True,1,1
STK000462 R735QTJ8XC9X,STK000462,41.47,2871,119060,True,1,1
STK000463 R735QTJ8XC9X,STK000463,145.1,591,85754,True,1,1
STK000464 R735QTJ8XC9X,STK000464,74.97,1379,103383,True,1,1
STK000465 R735QTJ8XC9X,STK000465,76.14,1359,103474,True,1,1
STK000466 R735QTJ8XC9X,STK000466,114.9,117,13443,True,1,1
STK000467 R735QTJ8XC9X,STK000467,87.98,1223,107599,True,1,1
STK000468 R735QTJ8XC9X,STK000468,47.27,879,41550,True,1,1
STK000469 R735QTJ8XC9X,STK000469,102.46,1738,178075,True,1,1
STK000470 R735QTJ8XC9X,STK000470,48.99,2526,123748,True,1,1
STK000471 R735QTJ8XC9X,STK000471,83.16,676,56216,True,1,1
STK000472 R735QTJ8XC9X,STK000472,73.79,2416,178276,True,1,1
STK000473 R735QTJ8XC9X,STK000473,71.93,1867,134293,True,1,1
STK000474 R735QTJ8XC9X,STK000474,71.07,674,47901,True,1,1
STK000475 R735QTJ8XC9X,STK000475,135.65,4723,640674,True,1,1
STK000476 R735QTJ8XC9X,STK000476,50.87,3177,161613,True,1,1
STK000477 R735QTJ8XC9X,STK000477,65.72,849,55796,True,1,1
STK000478 R735QTJ8XC9X,STK000478,46.15,1155,53303,True,1,1
STK000479 R735QTJ8XC9X,STK000479,99.26,1082,107399,True,1,1
STK000480 R735QTJ8XC9X,STK000480,95.47,1175,112177,True,1,1
STK000481 R735QTJ8XC9X,STK000481,149.74,951,142402,True,1,1
STK000482 R735QTJ8XC9X,STK000482,89.73,2314,207635,True,1,1
STK000483 R735QTJ8XC9X,STK000483,247.7,821,203361,True,1,1
STK000484 R735QTJ8XC9X,STK000484,33.21,634,21055,True,1,1
STK000485 R735QTJ8XC9X,STK000485,47.63,1934,92116,True,1,1
STK000486 R735QTJ8XC9X,STK000486,85.1,1130,96163,True,1,1
STK000487 R735QTJ8XC9X,STK000487,144.78,2232,323148,True,1,1
STK000488 R735QTJ8XC9X,STK000488,111.75,2100,234675,True,1,1
STK000489 R735QTJ8XC9X,STK000489,102.93,4380,450833,True,1,1
STK000490 R735QTJ8XC9X,STK000490,112.64,1202,135393,True,1,1
STK000491 R735QTJ8XC9X,STK000491,230.16,1798,413827,True,1,1
STK000492 R735QTJ8XC9X,STK000492,95.62,530,50678,True,1,1
STK000493 R735QTJ8XC9X,STK000493,64.15,43,2758,True,1,1
STK000494 R735QTJ8XC9X,STK000494,58.01,29,1682,True,1,1
STK000495 R735QTJ8XC9X,STK000495,152.14,412,62681,True,1,1
STK000496 R735QTJ8XC9X,STK000496,127.74,426,54417,True,1,1
STK000497 R735QTJ8XC9X,STK000497,51.37,1145,58818,True,1,1
STK000498 R735QTJ8XC9X,STK000498,224.55,2590,581584,True,1,1
STK000499 R735QTJ8XC9X,STK000499,96.18,3548,341246,True,1,1
STK000500 R735QTJ8XC9X,STK000500,94,651,61194,True,1,1
STK000501 R735QTJ8XC9X,STK000501,110.31,1724,190174,True,1,1
STK000502 R735QTJ8XC9X,STK000502,117.27,1449,169924,True,1,1
STK000503 R735QTJ8XC9X,STK000503,99.67,2588,257945,True,1,1
STK000504 R735QTJ8XC9X,STK000504,96.82,1364,132062,True,1,1
STK000505 R735QTJ8XC9X,STK000505,121.75,743,90460,True,1,1
STK000506 R735QTJ8XC9X,STK000506,65.6,609,39950,True,1,1
STK000507 R735QTJ8XC9X,STK000507,68.89,2073,142808,True,1,1
STK000508 R735QTJ8XC9X,STK000508,215.2,3363,723717,True,1,1
STK000509 R735QTJ8XC9X,STK000509,153.5,4329,664501,True,1,1
STK000510 R735QTJ8XC9X,STK000510,112.11,2746,307854,True,1,1
STK000511 R735QTJ8XC9X,STK000511,77.7,1682,130691,True,1,1
STK000512 R735QTJ8XC9X,STK000512,49.47,206,10190,True,1,1
STK000513 R735QTJ8XC9X,STK000513,157.34,757,119106,True,1,1
STK000514 R735QTJ8XC9X,STK000514,67.7,2196,148669,True,1,1
STK000515 R735QTJ8XC9X,STK000515,80.73,1132,91386,True,1,1
STK000516 R735QTJ8XC9X,STK000516,103.78,1878,194898,True,1,1
STK000517 R735QTJ8XC9X,STK000517,137.23,2153,295456,True,1,1
STK000518 R735QTJ8XC9X,STK000518,72.78,2099,152765,True,1,1
STK000519 R735QTJ8XC9X,STK000519,152.33,1296,197419,True,1,1
STK000520 R735QTJ8XC9X,STK000520,101.15,2862,289491,True,1,1
STK000521 R735QTJ8XC9X,STK000521,71.22,791,56335,True,1,1
STK000522 R735QTJ8XC9X,STK000522,95.58,574,54862,True,1,1
STK000524 R735QTJ8XC9X,STK000524,113.06,904,102206,True,1,1
STK000525 R735QTJ8XC9X,STK000525,62.6,721,45134,True,1,1
STK000526 R735QTJ8XC9X,STK000526,110.12,975,107367,True,1,1
STK000527 R735QTJ8XC9X,STK000527,85.2,1246,106159,True,1,1
STK000528 R735QTJ8XC9X,STK000528,54.6,3140,171444,True,1,1
STK000529 R735QTJ8XC9X,STK000529,79.97,2041,163218,True,1,1
STK000530 R735QTJ8XC9X,STK000530,92.44,1995,184417,True,1,1
STK000531 R735QTJ8XC9X,STK000531,47.13,2431,114573,True,1,1
STK000532 R735QTJ8XC9X,STK000532,46.54,2148,99967,True,1,1
STK000533 R735QTJ8XC9X,STK000533,101.3,522,52878,True,1,1
STK000534 R735QTJ8XC9X,STK000534,127.63,3385,432027,True,1,1
STK000535 R735QTJ8XC9X,STK000535,39.55,1596,63121,True,1,1
STK000536 R735QTJ8XC9X,STK000536,86.62,1850,160247,True,1,1
STK000537 R735QTJ8XC9X,STK000537,46.19,3063,141479,True,1,1
STK000538 R735QTJ8XC9X,STK000538,72.75,2383,173363,True,1,1
STK000539 R735QTJ8XC9X,STK000539,124.62,1693,210981,True,1,1
STK000540 R735QTJ8XC9X,STK000540,262.55,1012,265700,True,1,1
STK000541 R735QTJ8XC9X,STK000541,80.29,241,19349,True,1,1
STK000542 R735QTJ8XC9X,STK000542,75.2,1810,136112,True,1,1
STK000543 R735QTJ8XC9X,STK000543,67.77,3365,228046,True,1,1
STK000544 R735QTJ8XC9X,STK000544,93.72,4114,385564,True,1,1
STK000545 R735QTJ8XC9X,STK000545,116.97,1579,184695,True,1,1
STK000546 R735QTJ8XC9X,STK000546,135.7,1743,236525,True,1,1
STK000547 R735QTJ8XC9X,STK000547,154.88,723,111978,True,1,1
STK000548 R735QTJ8XC9X,STK000548,115.49,2433,280987,True,1,1
STK000549 R735QTJ8XC9X,STK000549,236,668,157648,True,1,1
STK000550 R735QTJ8XC9X,STK000550,55.45,1384,76742,True,1,1
STK000551 R735QTJ8XC9X,STK000551,45.19,546,24673,True,1,1
STK000552 R735QTJ8XC9X,STK000552,106.63,1590,169541,True,1,1
STK000553 R735QTJ8XC9X,STK000553,70.13,1740,122026,True,1,1
STK000554 R735QTJ8XC9X,STK000554,91.49,3051,279135,True,1,1
STK000555 R735QTJ8XC9X,STK000555,70.41,1667,117373,True,1,1
STK000556 R735QTJ8XC9X,STK000556,108.15,2283,246906,True,1,1
STK000557 R735QTJ8XC9X,STK000557,135.29,673,91050,True,1,1
STK000558 R735QTJ8XC9X,STK000558,72.39,3166,229186,True,1,1
STK000559 R735QTJ8XC9X,STK000559,105.62,1602,169203,True,1,1
STK000560 R735QTJ8XC9X,STK000560,55.06,2118,116617,True,1,1
STK000561 R735QTJ8XC9X,STK000561,179.49,1732,310876,True,1,1
STK000562 R735QTJ8XC9X,STK000562,55.69,1669,92946,True,1,1
STK000563 R735QTJ8XC9X,STK000563,112.44,1580,177655,True,1,1
STK000564 R735QTJ8XC9X,STK000564,67.41,1261,85004,True,1,1
STK000565 R735QTJ8XC9X,STK000565,74.8,704,52659,True,1,1
STK000566 R735QTJ8XC9X,STK000566,69.99,3031,212139,True,1,1
STK000567 R735QTJ8XC9X,STK000567,100.83,826,83285,True,1,1
STK000568 R735QTJ8XC9X,STK000568,65.34,214,13982,True,1,1
STK000569 R735QTJ8XC9X,STK000569,50.34,2689,135364,True,1,1
STK000570 R735QTJ8XC9X,STK000570,64.66,995,64336,True,1,1
STK000571 R735QTJ8XC9X,STK000571,104.25,1472,153456,True,1,1
STK000572 R735QTJ8XC9X,STK000572,56.03,2404,134696,True,1,1
STK000573 R735QTJ8XC9X,STK000573,203.34,1597,324733,True,1,1
STK000574 R735QTJ8XC9X,STK000574,44.03,754,33198,True,1,1
STK000575 R735QTJ8XC9X,STK000575,112.64,3522,396718,True,1,1
STK000576 R735QTJ8XC9X,STK000576,118.73,1675,198872,True,1,1
STK000577 R735QTJ8XC9X,STK000577,125.53,3159,396549,True,1,1
STK000578 R735QTJ8XC9X,STK000578,124.22,229,28446,True,1,1
STK000579 R735QTJ8XC9X,STK000579,62.87,1314,82611,True,1,1
STK000580 R735QTJ8XC9X,STK000580,56.69,2376,134695,True,1,1
STK000581 R735QTJ8XC9X,STK000581,70.18,480,33686,True,1,1
STK000583 R735QTJ8XC9X,STK000583,76.84,3486,267864,True,1,1
STK000584 R735QTJ8XC9X,STK000584,50.4,3309,166773,True,1,1
STK000585 R735QTJ8XC9X,STK000585,167.08,3169,529476,True,1,1
STK000586 R735QTJ8XC9X,STK000586,65.09,1587,103297,True,1,1
STK000587 R735QTJ8XC9X,STK000587,152.76,686,104793,True,1,1
STK000588 R735QTJ8XC9X,STK000588,48.14,1308,62967,True,1,1
STK000589 R735QTJ8XC9X,STK000589,62.41,916,57167,True,1,1
STK000590 R735QTJ8XC9X,STK000590,139.86,2405,336363,True,1,1
STK000591 R735QTJ8XC9X,STK000591,78.96,1872,147813,True,1,1
STK000592 R735QTJ8XC9X,STK000592,128.63,1401,180210,True,1,1
STK000593 R735QTJ8XC9X,STK000593,52.39,876,45893,True,1,1
STK000594 R735QTJ8XC9X,STK000594,109.4,2080,227552,True,1,1
STK000595 R735QTJ8XC9X,STK000595,62.41,1137,70960,True,1,1
STK000596 R735QTJ8XC9X,STK000596,134.18,3681,493916,True,1,1
STK000597 R735QTJ8XC9X,STK000597,93.17,4289,399606,True,1,1
STK000598 R735QTJ8XC9X,STK000598,126.14,423,53357,True,1,1
STK000599 R735QTJ8XC9X,STK000599,53.74,3224,173257,True,1,1
STK000600 R735QTJ8XC9X,STK000600,43.84,359,15738,True,1,1
STK000601 R735QTJ8XC9X,STK000601,79.02,1128,89134,True,1,1
STK000602 R735QTJ8XC9X,STK000602,133.5,1438,191973,True,1,1
STK000603 R735QTJ8XC9X,STK000603,119.01,2688,319898,True,1,1
STK000604 R735QTJ8XC9X,STK000604,104.39,1538,160551,True,1,1
STK000605 R735QTJ8XC9X,STK000605,78.37,382,29937,True,1,1
STK000606 R735QTJ8XC9X,STK000606,105.43,648,68318,True,1,1
STK000607 R735QTJ8XC9X,STK000607,92.78,1394,129335,True,1,1
STK000608 R735QTJ8XC9X,STK000608,99.65,3120,310908,True,1,1
STK000609 R735QTJ8XC9X,STK000609,85.09,1189,101172,True,1,1
STK000610 R735QTJ8XC9X,STK000610,181.18,1906,345329,True,1,1
STK000611 R735QTJ8XC9X,STK000611,115.98,3760,436084,True,1,1
STK000613 R735QTJ8XC9X,STK000613,75.73,815,61719,True,1,1
STK000614 R735QTJ8XC9X,STK000614,93.96,2496,234524,True,1,1
STK000616 R735QTJ8XC9X,STK000616,42.96,143,6143,True,1,1
STK000617 R735QTJ8XC9X,STK000617,138.99,1351,187775,True,1,1
STK000618 R735QTJ8XC9X,STK000618,128.76,1506,193912,True,1,1
STK000620 R735QTJ8XC9X,STK000620,114.01,934,106485,True,1,1
STK000621 R735QTJ8XC9X,STK000621,86.24,2007,173083,True,1,1
STK000623 R735QTJ8XC9X,STK000623,67.39,967,65166,True,1,1
STK000624 R735QTJ8XC9X,STK000624,68.29,2946,201182,True,1,1
STK000625 R735QTJ8XC9X,STK000625,76.05,800,60840,True,1,1
STK000626 R735QTJ8XC9X,STK000626,61.15,699,42743,True,1,1
STK000627 R735QTJ8XC9X,STK000627,94.19,2378,223983,True,1,1
STK000628 R735QTJ8XC9X,STK000628,24.59,1067,26237,True,1,1
STK000629 R735QTJ8XC9X,STK000629,78.03,1263,98551,True,1,1
STK000630 R735QTJ8XC9X,STK000630,151.74,1696,257351,True,1,1
STK000631 R735QTJ8XC9X,STK000631,72.16,1410,101745,True,1,1
STK000632 R735QTJ8XC9X,STK000632,139.88,1326,185480,True,1,1
STK000633 R735QTJ8XC9X,STK000633,55.13,970,53476,True,1,1
STK000635 R735QTJ8XC9X,STK000635,84.91,52,4415,True,1,1
STK000637 R735QTJ8XC9X,STK000637,79.3,349,27675,True,1,1
STK000640 R735QTJ8XC9X,STK000640,73.79,934,68919,True,1,1
STK000641 R735QTJ8XC9X,STK000641,227.92,1446,329572,True,1,1
STK000642 R735QTJ8XC9X,STK000642,132.06,1107,146190,True,1,1
STK000643 R735QTJ8XC9X,STK000643,169.61,820,139080,True,1,1
STK000644 R735QTJ8XC9X,STK000644,74.4,1302,96868,True,1,1
STK000645 R735QTJ8XC9X,STK000645,58.52,2448,143256,True,1,1
STK000646 R735QTJ8XC9X,STK000646,127.96,169,21625,True,1,1
STK000648 R735QTJ8XC9X,STK000648,100.06,887,88753,True,1,1
STK000649 R735QTJ8XC9X,STK000649,106.09,56,5941,True,1,1
STK000650 R735QTJ8XC9X,STK000650,74.02,508,37602,True,1,1
STK000651 R735QTJ8XC9X,STK000651,160.23,568,91010,True,1,1
STK000652 R735QTJ8XC9X,STK000652,73.39,1322,97021,True,1,1
STK000653 R735QTJ8XC9X,STK000653,113.98,3991,454894,True,1,1
STK000654 R735QTJ8XC9X,STK000654,122.02,780,95175,True,1,1
STK000655 R735QTJ8XC9X,STK000655,188.59,3071,579159,True,1,1
STK000656 R735QTJ8XC9X,STK000656,65.61,1692,111012,True,1,1
STK000657 R735QTJ8XC9X,STK000657,89.94,661,59450,True,1,1
STK000658 R735QTJ8XC9X,STK000658,76.12,1250,95150,True,1,1
STK000659 R735QTJ8XC9X,STK000659,92.78,1370,127108,True,1,1
STK000660 R735QTJ8XC9X,STK000660,102.5,1314,134685,True,1,1
STK000661 R735QTJ8XC9X,STK000661,68.79,3797,261195,True,1,1
STK000662 R735QTJ8XC9X,STK000662,174.92,1987,347566,True,1,1
STK000663 R735QTJ8XC9X,STK000663,74.36,2986,222038,True,1,1
STK000664 R735QTJ8XC9X,STK000664,119.52,3562,425730,True,1,1
STK000665 R735QTJ8XC9X,STK000665,117.28,901,105669,True,1,1
STK000666 R735QTJ8XC9X,STK000666,96.79,1158,112082,True,1,1
STK000667 R735QTJ8XC9X,STK000667,105.08,1456,152996,True,1,1
STK000668 R735QTJ8XC9X,STK000668,216.45,2015,436146,True,1,1
STK000669 R735QTJ8XC9X,STK000669,48.97,3464,169632,True,1,1
STK000670 R735QTJ8XC9X,STK000670,62.24,3536,220080,True,1,1
STK000671 R735QTJ8XC9X,STK000671,48.43,772,37387,True,1,1
STK000672 R735QTJ8XC9X,STK000672,140.12,1285,180054,True,1,1
STK000673 R735QTJ8XC9X,STK000673,143.86,968,139256,True,1,1
STK000674 R735QTJ8XC9X,STK000674,78.33,1319,103317,True,1,1
STK000675 R735QTJ8XC9X,STK000675,144.01,2274,327478,True,1,1
STK000676 R735QTJ8XC9X,STK000676,68.64,528,36241,True,1,1
STK000677 R735QTJ8XC9X,STK000677,94.84,1767,167582,True,1,1
STK000678 R735QTJ8XC9X,STK000678,144.97,3702,536678,True,1,1
STK000679 R735QTJ8XC9X,STK000679,201.38,793,159694,True,1,1
STK000680 R735QTJ8XC9X,STK000680,51.96,859,44633,True,1,1
STK000681 R735QTJ8XC9X,STK000681,79.74,2676,213384,True,1,1
STK000682 R735QTJ8XC9X,STK000682,79.7,2945,234716,True,1,1
STK000683 R735QTJ8XC9X,STK000683,123.7,3043,376419,True,1,1
STK000684 R735QTJ8XC9X,STK000684,79.79,1414,112823,True,1,1
STK000685 R735QTJ8XC9X,STK000685,109.64,2322,254584,True,1,1
STK000686 R735QTJ8XC9X,STK000686,85.3,720,61416,True,1,1
STK000687 R735QTJ8XC9X,STK000687,98.77,737,72793,True,1,1
STK000688 R735QTJ8XC9X,STK000688,58.62,1369,80250,True,1,1
STK000689 R735QTJ8XC9X,STK000689,68.89,2120,146046,True,1,1
STK000690 R735QTJ8XC9X,STK000690,102.94,1746,179733,True,1,1
STK000691 R735QTJ8XC9X,STK000691,122.02,535,65280,True,1,1
STK000692 R735QTJ8XC9X,STK000692,105.84,2354,249147,True,1,1
STK000693 R735QTJ8XC9X,STK000693,63.81,961,61321,True,1,1
STK000694 R735QTJ8XC9X,STK000694,82.29,199,16375,True,1,1
STK000695 R735QTJ8XC9X,STK000695,109.2,945,103194,True,1,1
STK000696 R735QTJ8XC9X,STK000696,56.74,1254,71151,True,1,1
STK000697 R735QTJ8XC9X,STK000697,75.29,66,4969,True,1,1
STK000698 R735QTJ8XC9X,STK000698,57.23,1173,67130,True,1,1
STK000699 R735QTJ8XC9X,STK000699,40.04,1365,54654,True,1,1
STK000700 R735QTJ8XC9X,STK000700,109.86,3163,347487,True,1,1
STK000701 R735QTJ8XC9X,STK000701,60.26,2192,132089,True,1,1
STK000702 R735QTJ8XC9X,STK000702,95.9,1681,161207,True,1,1
STK000703 R735QTJ8XC9X,STK000703,214.79,2568,551580,True,1,1
STK000704 R735QTJ8XC9X,STK000704,132.69,2797,371133,True,1,1
STK000705 R735QTJ8XC9X,STK000705,79.19,2951,233689,True,1,1
STK000707 R735QTJ8XC9X,STK000707,76.05,439,33385,True,1,1
STK000708 R735QTJ8XC9X,STK000708,62.17,1455,90457,True,1,1
STK000709 R735QTJ8XC9X,STK000709,105.62,1894,200044,True,1,1
STK000710 R735QTJ8XC9X,STK000710,131.89,1473,194273,True,1,1
STK000711 R735QTJ8XC9X,STK000711,94.5,2705,255622,True,1,1
STK000712 R735QTJ8XC9X,STK000712,109.35,2236,244506,True,1,1
STK000713 R735QTJ8XC9X,STK000713,89.09,2552,227357,True,1,1
STK000714 R735QTJ8XC9X,STK000714,177.52,1404,249238,True,1,1
STK000715 R735QTJ8XC9X,STK000715,155.18,1787,277306,True,1,1
STK000716 R735QTJ8XC9X,STK000716,91.61,2682,245698,True,1,1
STK000717 R735QTJ8XC9X,STK000717,65.13,2052,133646,True,1,1
STK000718 R735QTJ8XC9X,STK000718,70.05,984,68929,True,1,1
STK000719 R735QTJ8XC9X,STK000719,92.32,2037,188055,True,1,1
STK000720 R735QTJ8XC9X,STK000720,41.24,4783,197250,True,1,1
STK000721 R735QTJ8XC9X,STK000721,81.76,1123,91816,True,1,1
STK000722 R735QTJ8XC9X,STK000722,110.11,2167,238608,True,1,1
STK000723 R735QTJ8XC9X,STK000723,89.71,2639,236744,True,1,1
STK000724 R735QTJ8XC9X,STK000724,59.62,2268,135218,True,1,1
STK000725 R735QTJ8XC9X,STK000725,189.44,3235,612838,True,1,1
STK000726 R735QTJ8XC9X,STK000726,73.02,606,44250,True,1,1
STK000727 R735QTJ8XC9X,STK000727,260.29,604,157215,True,1,1
STK000728 R735QTJ8XC9X,STK000728,268.2,2193,588162,True,1,1
STK000729 R735QTJ8XC9X,STK000729,85.03,683,58075,True,1,1
STK000730 R735QTJ8XC9X,STK000730,84.92,2447,207799,True,1,1
STK000731 R735QTJ8XC9X,STK000731,88.54,995,88097,True,1,1
STK000732 R735QTJ8XC9X,STK000732,65.24,817,53301,True,1,1
STK000733 R735QTJ8XC9X,STK000733,94.59,1431,135358,True,1,1
STK000734 R735QTJ8XC9X,STK000734,119.7,1076,128797,True,1,1
STK000735 R735QTJ8XC9X,STK000735,117.8,2713,319591,True,1,1
STK000736 R735QTJ8XC9X,STK000736,280.61,2666,748106,True,1,1
STK000737 R735QTJ8XC9X,STK000737,78.4,2588,202899,True,1,1
STK000738 R735QTJ8XC9X,STK000738,57.95,3496,202593,True,1,1
STK000739 R735QTJ8XC9X,STK000739,60.02,727,43634,True,1,1
STK000740 R735QTJ8XC9X,STK000740,58.2,2362,137468,True,1,1
STK000741 R735QTJ8XC9X,STK000741,132.29,880,116415,True,1,1
STK000742 R735QTJ8XC9X,STK000742,213.84,1806,386195,True,1,1
STK000743 R735QTJ8XC9X,STK000743,110.37,992,109487,True,1,1
STK000744 R735QTJ8XC9X,STK000744,96.18,854,82137,True,1,1
STK000745 R735QTJ8XC9X,STK000745,77.9,1474,114824,True,1,1
STK000746 R735QTJ8XC9X,STK000746,153.12,2883,441444,True,1,1
STK000747 R735QTJ8XC9X,STK000747,50.66,654,33131,True,1,1
STK000748 R735QTJ8XC9X,STK000748,123.14,3031,373237,True,1,1
STK000749 R735QTJ8XC9X,STK000749,202.64,973,197168,True,1,1
STK000750 R735QTJ8XC9X,STK000750,131.59,1924,253179,True,1,1
STK000751 R735QTJ8XC9X,STK000751,112.7,1281,144368,True,1,1
STK000752 R735QTJ8XC9X,STK000752,148.33,497,73720,True,1,1
STK000753 R735QTJ8XC9X,STK000753,44.94,1543,69342,True,1,1
STK000754 R735QTJ8XC9X,STK000754,56.41,240,13538,True,1,1
STK000755 R735QTJ8XC9X,STK000755,100.87,637,64254,True,1,1
STK000756 R735QTJ8XC9X,STK000756,99.22,2966,294286,True,1,1
STK000757 R735QTJ8XC9X,STK000757,106.29,1964,208753,True,1,1
STK000758 R735QTJ8XC9X,STK000758,141.37,3268,461997,True,1,1
STK000759 R735QTJ8XC9X,STK000759,75.48,3122,235648,True,1,1
STK000760 R735QTJ8XC9X,STK000760,100.46,1607,161439,True,1,1
STK000761 R735QTJ8XC9X,STK000761,70.13,3291,230797,True,1,1
STK000763 R735QTJ8XC9X,STK000763,79.45,299,23755,True,1,1
STK000764 R735QTJ8XC9X,STK000764,192.58,1294,249198,True,1,1
STK000765 R735QTJ8XC9X,STK000765,66.87,4291,286939,True,1,1
STK000766 R735QTJ8XC9X,STK000766,79.66,708,56399,True,1,1
STK000767 R735QTJ8XC9X,STK000767,86.25,1389,119801,True,1,1
STK000768 R735QTJ8XC9X,STK000768,247.43,1479,365948,True,1,1
STK000769 R735QTJ8XC9X,STK000769,86.84,1885,163693,True,1,1
STK000770 R735QTJ8XC9X,STK000770,111.87,1482,165791,True,1,1
STK000771 R735QTJ8XC9X,STK000771,73.05,1297,94745,True,1,1
STK000772 R735QTJ8XC9X,STK000772,124.34,1382,171837,True,1,1
STK000773 R735QTJ8XC9X,STK000773,96.27,411,39566,True,1,1
STK000774 R735QTJ8XC9X,STK000774,114.76,1259,144482,True,1,1
STK000776 R735QTJ8XC9X,STK000776,215.56,2310,497943,True,1,1
STK000777 R735QTJ8XC9X,STK000777,73.67,191,14070,True,1,1
STK000778 R735QTJ8XC9X,STK000778,35.77,3292,117754,True,1,1
STK000779 R735QTJ8XC9X,STK000779,98.03,1408,138026,True,1,1
STK000780 R735QTJ8XC9X,STK000780,86.64,931,80661,True,1,1
STK000781 R735QTJ8XC9X,STK000781,143.88,1148,165174,True,1,1
STK000782 R735QTJ8XC9X,STK000782,158.99,989,157241,True,1,1
STK000784 R735QTJ8XC9X,STK000784,39.87,1703,67898,True,1,1
STK000785 R735QTJ8XC9X,STK000785,85.81,1518,130259,True,1,1
STK000786 R735QTJ8XC9X,STK000786,104.39,1989,207631,True,1,1
STK000787 R735QTJ8XC9X,STK000787,72.91,1919,139914,True,1,1
STK000788 R735QTJ8XC9X,STK000788,62.03,2088,129518,True,1,1
STK000789 R735QTJ8XC9X,STK000789,158.58,1926,305425,True,1,1
STK000790 R735QTJ8XC9X,STK000790,65.24,2839,185216,True,1,1
STK000791 R735QTJ8XC9X,STK000791,70.29,535,37605,True,1,1
STK000792 R735QTJ8XC9X,STK000792,132.79,1485,197193,True,1,1
STK000794 R735QTJ8XC9X,STK000794,67.37,1691,113922,True,1,1
STK000795 R735QTJ8XC9X,STK000795,51.63,1101,56844,True,1,1
STK000796 R735QTJ8XC9X,STK000796,80.23,3236,259624,True,1,1
STK000797 R735QTJ8XC9X,STK000797,92.28,891,82221,True,1,1
STK000798 R735QTJ8XC9X,STK000798,52.51,3109,163253,True,1,1
STK000799 R735QTJ8XC9X,STK000799,140.3,167,23430,True,1,1
STK000800 R735QTJ8XC9X,STK000800,87.75,1435,125921,True,1,1
STK000802 R735QTJ8XC9X,STK000802,163.21,4454,726937,True,1,1
STK000803 R735QTJ8XC9X,STK000803,62.96,388,24428,True,1,1
STK000804 R735QTJ8XC9X,STK000804,87.99,1038,91333,True,1,1
STK000805 R735QTJ8XC9X,STK000805,64.49,2416,155807,True,1,1
STK000807 R735QTJ8XC9X,STK000807,98,2,196,True,1,1
STK000808 R735QTJ8XC9X,STK000808,75.99,2982,226602,True,1,1
STK000809 R735QTJ8XC9X,STK000809,97.1,2132,207017,True,1,1
STK000810 R735QTJ8XC9X,STK000810,143.86,1823,262256,True,1,1
STK000811 R735QTJ8XC9X,STK000811,271.49,753,204431,True,1,1
STK000812 R735QTJ8XC9X,STK000812,79.65,1643,130864,True,1,1
STK000813 R735QTJ8XC9X,STK000813,126.14,2279,287473,True,1,1
STK000814 R735QTJ8XC9X,STK000814,66.86,3052,204056,True,1,1
STK000816 R735QTJ8XC9X,STK000816,44.3,1365,60469,True,1,1
STK000817 R735QTJ8XC9X,STK000817,120.62,1679,202520,True,1,1
STK000818 R735QTJ8XC9X,STK000818,78.21,1221,95494,True,1,1
STK000819 R735QTJ8XC9X,STK000819,101.64,1610,163640,True,1,1
STK000820 R735QTJ8XC9X,STK000820,227.86,4792,1091905,True,1,1
STK000821 R735QTJ8XC9X,STK000821,47.84,3508,167822,True,1,1
STK000822 R735QTJ8XC9X,STK000822,116.24,748,86947,True,1,1
STK000823 R735QTJ8XC9X,STK000823,130.99,1168,152996,True,1,1
STK000824 R735QTJ8XC9X,STK000824,96.19,1207,116101,True,1,1
STK000825 R735QTJ8XC9X,STK000825,98.51,1362,134170,True,1,1
STK000826 R735QTJ8XC9X,STK000826,67.52,549,37068,True,1,1
STK000827 R735QTJ8XC9X,STK000827,74.97,1914,143492,True,1,1
STK000828 R735QTJ8XC9X,STK000828,84.35,2455,207079,True,1,1
STK000829 R735QTJ8XC9X,STK000829,66.36,3206,212750,True,1,1
STK000830 R735QTJ8XC9X,STK000830,118.9,2507,298082,True,1,1
STK000831 R735QTJ8XC9X,STK000831,69.76,1262,88037,True,1,1
STK000832 R735QTJ8XC9X,STK000832,196,6206,1216376,True,1,1
STK000833 R735QTJ8XC9X,STK000833,124.41,3265,406198,True,1,1
STK000834 R735QTJ8XC9X,STK000834,139.7,2039,284848,True,1,1
STK000835 R735QTJ8XC9X,STK000835,117.42,945,110961,True,1,1
STK000836 R735QTJ8XC9X,STK000836,58.43,1060,61935,True,1,1
STK000838 R735QTJ8XC9X,STK000838,86.36,3107,268320,True,1,1
STK000839 R735QTJ8XC9X,STK000839,46.52,2244,104390,True,1,1
STK000840 R735QTJ8XC9X,STK000840,58.43,99,5784,True,1,1
STK000842 R735QTJ8XC9X,STK000842,117.88,1889,222675,True,1,1
STK000843 R735QTJ8XC9X,STK000843,46.75,2708,126599,True,1,1
STK000844 R735QTJ8XC9X,STK000844,93.8,495,46431,True,1,1
STK000845 R735QTJ8XC9X,STK000845,153.06,422,64591,True,1,1
STK000846 R735QTJ8XC9X,STK000846,286.34,152,43523,True,1,1
STK000847 R735QTJ8XC9X,STK000847,56.53,1029,58169,True,1,1
STK000849 R735QTJ8XC9X,STK000849,43.44,602,26150,True,1,1
STK000850 R735QTJ8XC9X,STK000850,124.46,1077,134043,True,1,1
STK000851 R735QTJ8XC9X,STK000851,127.15,1982,252011,True,1,1
STK000852 R735QTJ8XC9X,STK000852,86.87,3169,275291,True,1,1
STK000853 R735QTJ8XC9X,STK000853,185.97,2122,394628,True,1,1
STK000854 R735QTJ8XC9X,STK000854,77.49,2993,231927,True,1,1
STK000855 R735QTJ8XC9X,STK000855,95.58,5247,501508,True,1,1
STK000856 R735QTJ8XC9X,STK000856,94.56,905,85576,True,1,1
STK000857 R735QTJ8XC9X,STK000857,136.04,3719,505932,True,1,1
STK000858 R735QTJ8XC9X,STK000858,87.11,168,14634,True,1,1
STK000859 R735QTJ8XC9X,STK000859,54.89,2252,123612,True,1,1
STK000860 R735QTJ8XC9X,STK000860,226.85,1252,284016,True,1,1
STK000861 R735QTJ8XC9X,STK000861,88.11,3203,282216,True,1,1
STK000862 R735QTJ8XC9X,STK000862,66.11,3481,230128,True,1,1
STK000863 R735QTJ8XC9X,STK000863,73.64,2438,179534,True,1,1
STK000864 R735QTJ8XC9X,STK000864,58.04,1110,64424,True,1,1
STK000865 R735QTJ8XC9X,STK000865,42.44,604,25633,True,1,1
STK000866 R735QTJ8XC9X,STK000866,95.28,927,88324,True,1,1
STK000867 R735QTJ8XC9X,STK000867,203.05,2154,437369,True,1,1
STK000868 R735QTJ8XC9X,STK000868,124.4,1957,243450,True,1,1
STK000869 R735QTJ8XC9X,STK000869,79.91,1648,131691,True,1,1
STK000870 R735QTJ8XC9X,STK000870,129.46,2016,260991,True,1,1
STK000871 R735QTJ8XC9X,STK000871,86.64,2172,188182,True,1,1
STK000873 R735QTJ8XC9X,STK000873,48.49,2384,115600,True,1,1
STK000874 R735QTJ8XC9X,STK000874,60.7,1449,87954,True,1,1
STK000875 R735QTJ8XC9X,STK000875,87.52,987,86382,True,1,1
STK000876 R735QTJ8XC9X,STK000876,103.2,1536,158515,True,1,1
STK000877 R735QTJ8XC9X,STK000877,87.32,2271,198303,True,1,1
STK000878 R735QTJ8XC9X,STK000878,131.42,1348,177154,True,1,1
STK000879 R735QTJ8XC9X,STK000879,79.29,230,18236,True,1,1
STK000880 R735QTJ8XC9X,STK000880,78.2,563,44026,True,1,1
STK000882 R735QTJ8XC9X,STK000882,100.1,1079,108007,True,1,1
STK000883 R735QTJ8XC9X,STK000883,120.39,1977,238011,True,1,1
STK000884 R735QTJ8XC9X,STK000884,44.67,1992,88982,True,1,1
STK000886 R735QTJ8XC9X,STK000886,111.9,570,63783,True,1,1
STK000887 R735QTJ8XC9X,STK000887,64.42,871,56109,True,1,1
STK000888 R735QTJ8XC9X,STK000888,96.53,1081,104348,True,1,1
STK000890 R735QTJ8XC9X,STK000890,61.73,2296,141732,True,1,1
STK000891 R735QTJ8XC9X,STK000891,148.68,1210,179902,True,1,1
STK000892 R735QTJ8XC9X,STK000892,102.57,2566,263194,True,1,1
STK000893 R735QTJ8XC9X,STK000893,118.76,1237,146906,True,1,1
STK000894 R735QTJ8XC9X,STK000894,92.81,2255,209286,True,1,1
STK000895 R735QTJ8XC9X,STK000895,97.58,3090,301522,True,1,1
STK000896 R735QTJ8XC9X,STK000896,111.42,779,86796,True,1,1
STK000897 R735QTJ8XC9X,STK000897,48.15,1024,49305,True,1,1
STK000898 R735QTJ8XC9X,STK000898,61.93,125,7741,True,1,1
STK000899 R735QTJ8XC9X,STK000899,69.82,902,62977,True,1,1
STK000900 R735QTJ8XC9X,STK000900,97.27,3607,350852,True,1,1
STK000901 R735QTJ8XC9X,STK000901,73.06,937,68457,True,1,1
STK000903 R735QTJ8XC9X,STK000903,96.26,2708,260672,True,1,1
STK000904 R735QTJ8XC9X,STK000904,90.69,369,33464,True,1,1
STK000905 R735QTJ8XC9X,STK000905,124.07,2916,361788,True,1,1
STK000906 R735QTJ8XC9X,STK000906,67.18,535,35941,True,1,1
STK000907 R735QTJ8XC9X,STK000907,115.95,1906,221000,True,1,1
STK000909 R735QTJ8XC9X,STK000909,194.79,1138,221671,True,1,1
STK000910 R735QTJ8XC9X,STK000910,105.44,4951,522033,True,1,1
STK000912 R735QTJ8XC9X,STK000912,63.31,3469,219622,True,1,1
STK000913 R735QTJ8XC9X,STK000913,60.95,2833,172671,True,1,1
STK000914 R735QTJ8XC9X,STK000914,163.77,674,110380,True,1,1
STK000915 R735QTJ8XC9X,STK000915,63.5,3087,196024,True,1,1
STK000916 R735QTJ8XC9X,STK000916,118.3,2638,312075,True,1,1
STK000917 R735QTJ8XC9X,STK000917,124.33,1703,211733,True,1,1
STK000918 R735QTJ8XC9X,STK000918,167.22,3168,529752,True,1,1
STK000919 R735QTJ8XC9X,STK000919,82.25,1344,110544,True,1,1
STK000920 R735QTJ8XC9X,STK000920,140.58,635,89268,True,1,1
STK000921 R735QTJ8XC9X,STK000921,78.03,1780,138893,True,1,1
STK000922 R735QTJ8XC9X,STK000922,66.04,1412,93248,True,1,1
STK000923 R735QTJ8XC9X,STK000923,90.26,332,29966,True,1,1
STK000924 R735QTJ8XC9X,STK000924,117.31,2679,314273,True,1,1
STK000925 R735QTJ8XC9X,STK000925,42.94,313,13440,True,1,1
STK000926 R735QTJ8XC9X,STK000926,205.4,487,100029,True,1,1
STK000927 R735QTJ8XC9X,STK000927,63.24,1066,67413,True,1,1
STK000928 R735QTJ8XC9X,STK000928,254.08,1265,321411,True,1,1
STK000929 R735QTJ8XC9X,STK000929,268.07,2851,764267,True,1,1
STK000931 R735QTJ8XC9X,STK000931,104.92,2676,280765,True,1,1
STK000932 R735QTJ8XC9X,STK000932,147.89,2334,345175,True,1,1
STK000933 R735QTJ8XC9X,STK000933,105.72,2661,281320,True,1,1
STK000934 R735QTJ8XC9X,STK000934,150.42,1588,238866,True,1,1
STK000935 R735QTJ8XC9X,STK000935,336,1400,470400,True,1,1
STK000936 R735QTJ8XC9X,STK000936,86.23,1592,137278,True,1,1
STK000937 R735QTJ8XC9X,STK000937,134.16,2276,305348,True,1,1
STK000938 R735QTJ8XC9X,STK000938,113.68,1100,125048,True,1,1
STK000939 R735QTJ8XC9X,STK000939,99.41,1960,194843,True,1,1
STK000940 R735QTJ8XC9X,STK000940,92.21,4857,447863,True,1,1
STK000941 R735QTJ8XC9X,STK000941,104.13,1776,184934,True,1,1
STK000942 R735QTJ8XC9X,STK000942,74.8,78,5834,True,1,1
STK000943 R735QTJ8XC9X,STK000943,128.72,1380,177633,True,1,1
STK000944 R735QTJ8XC9X,STK000944,220.62,179,39490,True,1,1
STK000946 R735QTJ8XC9X,STK000946,106.75,1134,121054,True,1,1
STK000947 R735QTJ8XC9X,STK000947,52.72,1094,57675,True,1,1
STK000948 R735QTJ8XC9X,STK000948,92.55,2253,208515,True,1,1
STK000949 R735QTJ8XC9X,STK000949,106.36,3855,410017,True,1,1
STK000950 R735QTJ8XC9X,STK000950,132.49,2098,277964,True,1,1
STK000951 R735QTJ8XC9X,STK000951,127.09,2011,255577,True,1,1
STK000952 R735QTJ8XC9X,STK000952,119.58,1301,155573,True,1,1
STK000953 R735QTJ8XC9X,STK000953,80.94,603,48806,True,1,1
STK000954 R735QTJ8XC9X,STK000954,47.64,2111,100568,True,1,1
STK000955 R735QTJ8XC9X,STK000955,70.14,555,38927,True,1,1
STK000956 R735QTJ8XC9X,STK000956,109.11,113,12329,True,1,1
STK000957 R735QTJ8XC9X,STK000957,209.84,1095,229774,True,1,1
STK000958 R735QTJ8XC9X,STK000958,81.05,1078,87371,True,1,1
STK000959 R735QTJ8XC9X,STK000959,107.19,391,41911,True,1,1
STK000960 R735QTJ8XC9X,STK000960,65.08,2192,142655,True,1,1
STK000961 R735QTJ8XC9X,STK000961,49.84,1352,67383,True,1,1
STK000962 R735QTJ8XC9X,STK000962,53.17,2849,151481,True,1,1
STK000963 R735QTJ8XC9X,STK000963,179.15,1319,236298,True,1,1
STK000964 R735QTJ8XC9X,STK000964,97.06,457,44356,True,1,1
STK000965 R735QTJ8XC9X,STK000965,107.5,1979,212742,True,1,1
STK000967 R735QTJ8XC9X,STK000967,102.71,592,60804,True,1,1
STK000968 R735QTJ8XC9X,STK000968,123.37,3140,387381,True,1,1
STK000969 R735QTJ8XC9X,STK000969,59.32,1209,71717,True,1,1
STK000970 R735QTJ8XC9X,STK000970,106.64,1806,192591,True,1,1
STK000971 R735QTJ8XC9X,STK000971,104.41,138,14408,True,1,1
STK000972 R735QTJ8XC9X,STK000972,156.14,1641,256225,True,1,1
STK000973 R735QTJ8XC9X,STK000973,32.89,3468,114062,True,1,1
STK000974 R735QTJ8XC9X,STK000974,69.31,2344,162462,True,1,1
STK000975 R735QTJ8XC9X,STK000975,51.57,1896,97776,True,1,1
STK000976 R735QTJ8XC9X,STK000976,139.53,374,52184,True,1,1
STK000977 R735QTJ8XC9X,STK000977,94.03,2230,209686,True,1,1
STK000978 R735QTJ8XC9X,STK000978,91.44,2442,223296,True,1,1
STK000979 R735QTJ8XC9X,STK000979,80.08,2187,175134,True,1,1
STK000980 R735QTJ8XC9X,STK000980,65.63,1543,101267,True,1,1
STK000981 R735QTJ8XC9X,STK000981,54.57,149,8130,True,1,1
STK000982 R735QTJ8XC9X,STK000982,79.59,1802,143421,True,1,1
STK000983 R735QTJ8XC9X,STK000983,80.2,316,25343,True,1,1
STK000984 R735QTJ8XC9X,STK000984,148.58,1508,224058,True,1,1
STK000985 R735QTJ8XC9X,STK000985,119.09,2536,302012,True,1,1
STK000986 R735QTJ8XC9X,STK000986,122.15,685,83672,True,1,1
STK000987 R735QTJ8XC9X,STK000987,93.69,773,72422,True,1,1
STK000988 R735QTJ8XC9X,STK000988,97.48,4301,419261,True,1,1
STK000989 R735QTJ8XC9X,STK000989,106.56,1132,120625,True,1,1
STK000991 R735QTJ8XC9X,STK000991,86.58,2606,225627,True,1,1
STK000992 R735QTJ8XC9X,STK000992,249.87,513,128183,True,1,1
STK000993 R735QTJ8XC9X,STK000993,80.8,1890,152712,True,1,1
STK000994 R735QTJ8XC9X,STK000994,101.2,1683,170319,True,1,1
STK000995 R735QTJ8XC9X,STK000995,56.46,517,29189,True,1,1
STK000996 R735QTJ8XC9X,STK000996,92.02,781,71867,True,1,1
STK000997 R735QTJ8XC9X,STK000997,114.34,2506,286536,True,1,1
STK000998 R735QTJ8XC9X,STK000998,72.51,506,36690,True,1,1
STK000999 R735QTJ8XC9X,STK000999,91.3,2038,186069,True,1,1
